============================================================
1. HILL-CLIMBING SIMPLES
============================================================
| Passo |        Estado        | h(s) |
-------------------------------------
|   0   |  [1,1,1,1,1,1,1,1]   |  28  |
|   1   |  [1,8,1,1,1,1,1,1]   |  21  |
|   2   |  [2,8,1,1,1,1,1,1]   |  15  |
|   3   |  [2,8,1,7,1,1,1,1]   |  10  |
|   4   |  [2,8,1,7,1,6,1,1]   |  6   |
|   5   |  [2,8,1,7,1,6,1,5]   |  3   |
|   6   |  [2,8,1,7,4,6,1,5]   |  1   |
-------------------------------------

[+] Estado final: [2,8,1,7,4,6,1,5] com h(s) = 1
[+] Diagnóstico: Parada em Máximo Local ou Platô (estagnação).

============================================================
2. RANDOM RESTART HILL-CLIMBING
============================================================
| Exec. |    Estado Inicial    | Passos | h(s) final | Solução? |
---------------------------------------------------------------
|   1   |  [2,1,5,4,4,3,2,2]   |   4    |     1      |   Não    |
|   2   |  [7,1,1,2,4,4,1,4]   |   5    |     0      |   Sim    |
|   3   |  [7,4,8,5,1,3,7,6]   |   2    |     2      |   Não    |
|   4   |  [5,3,4,6,2,2,7,2]   |   2    |     1      |   Não    |
|   5   |  [6,6,5,1,8,2,7,2]   |   4    |     0      |   Sim    |
|   6   |  [5,6,4,2,1,4,5,2]   |   3    |     1      |   Não    |
|   7   |  [4,2,7,5,8,6,3,6]   |   1    |     2      |   Não    |
|   8   |  [6,4,5,2,3,4,3,8]   |   3    |     1      |   Não    |
|   9   |  [7,5,4,6,1,4,1,6]   |   4    |     1      |   Não    |
|  10   |  [7,5,2,4,6,4,8,7]   |   2    |     2      |   Não    |
|  11   |  [8,3,5,3,4,5,7,7]   |   4    |     1      |   Não    |
|  12   |  [6,4,3,8,2,1,2,3]   |   3    |     1      |   Não    |
|  13   |  [3,7,2,7,7,8,5,1]   |   2    |     2      |   Não    |
|  14   |  [2,5,6,2,5,7,3,8]   |   3    |     2      |   Não    |
|  15   |  [1,5,3,2,5,4,3,6]   |   3    |     2      |   Não    |
|  16   |  [3,1,6,8,1,2,6,5]   |   2    |     1      |   Não    |
|  17   |  [4,1,4,2,2,8,2,3]   |   3    |     1      |   Não    |
|  18   |  [3,8,3,5,7,4,4,5]   |   3    |     1      |   Não    |
|  19   |  [7,6,8,8,2,4,4,2]   |   4    |     2      |   Não    |
|  20   |  [6,1,4,4,1,2,1,4]   |   5    |     1      |   Não    |
---------------------------------------------------------------

[+] Total de soluções encontradas: 2/20
[+] Taxa de sucesso: 10.0%

============================================================
3. SIMULATED ANNEALING
============================================================
>>> Resumo a cada 500 passos:
| Passo  |  h(s)  |    T     |
----------------------------
|   0    |   28   |  10.0000 |
|  500   |   1    |   0.0657 |
|  688   |   1    |   0.0099 | (Fim)
----------------------------

>>> Primeiros 5 movimentos piores aceitos:
| Passo  | h(antes) | h(depois) | delta_E |   T    |   P    |
-------------------------------------------------------
|   6    |    4     |     6     |    2    |   9.41 | 0.8086 |
|   7    |    6     |     7     |    1    |   9.32 | 0.8983 |
|   9    |    6     |     6     |    0    |   9.14 | 1.0000 |
|   11   |    5     |     6     |    1    |   8.95 | 0.8943 |
|   13   |    5     |     7     |    2    |   8.78 | 0.7962 |

[+] Estado final: [6,2,5,1,7,4,8,3]
[+] h(s) final: 1
[+] Diagnóstico: Temperatura esgotada sem encontrar a solução ótima.